 <pre>

 Contingency table for Cloud cover (octas)
 Selection: METCOOP     33 stations
Period: 20250110-20250130
Used {00,03,...,21} + 01 02 ... 12
 Limits   0.500000000       1.50000000       2.50000000       3.50000000       4.50000000       5.50000000       6.50000000       7.50000000    
 Each class is data <= limit, the very last > last limit
 Total number of values       21169
                                                       OBSERVATION
                                   1510      266      156      132       85      103      128       98      228 |      2706
                                    141       45       57       46       51       41       61       95      132 |       669
                                     70       35       24       36       38       45       36       58      106 |       448
                                     69       13       23       42       32       27       51       57      105 |       419
                          cy43       76       23       15       29       25       30       49       65      103 |       415
                                     72       29       24       33       38       39       40       84      150 |       509
                                     92       23       18       37       45       50       62       99      188 |       614
                                    131       40       37       59       71       62      118      166      324 |      1008
                                    707      251      253      258      406      456      901     1934     9215 |     14381

                    SUM            2868      725      607      672      791      853     1446     2656    10551 |     21169
                                                       OBSERVATION
                                   1410      260      146      124      102       93      116      116      174 |      2541
                                    140       38       37       43       52       31       61       92       95 |       589
                                     99       24       28       32       28       36       41       57       95 |       440
                                     73       21       22       29       31       35       38       54       93 |       396
                       cy46_v2       69       20       20       17       27       20       45       53       88 |       359
                                     48       25       18       41       39       23       39       72      131 |       436
                                     86       22       23       33       40       42       71       83      169 |       569
                                    144       68       46       48       61       76       72      145      259 |       919
                                    799      247      267      305      411      497      963     1984     9447 |     14920

                    SUM            2868      725      607      672      791      853     1446     2656    10551 |     21169
                                                       OBSERVATION
                                   1413      259      137      107       93       92      109      125      190 |      2525
                                    151       37       46       51       60       36       58       80      108 |       627
                                     85       25       23       32       43       33       46       62      105 |       454
                                     76       22       20       21       27       33       40       46       99 |       384
                       cy46_v3       73       20       23       23       21       20       50       55       97 |       382
                                     66       22       18       32       38       29       41       69      120 |       435
                                     65       30       30       42       39       31       69       86      154 |       546
                                    138       59       46       55       54       78       79      153      306 |       968
                                    801      251      264      309      416      501      954     1980     9372 |     14848

                    SUM            2868      725      607      672      791      853     1446     2656    10551 |     21169
                                                       OBSERVATION
                                   1441      262      145      122      105       95      117      125      173 |      2585
                                    136       48       43       37       48       29       71       81      109 |       602
                                     75       27       29       32       30       36       45       76      102 |       452
                                     94       17       16       21       31       26       36       51       84 |       376
                       cy46_v4       61       18       21       30       30       31       32       51       83 |       357
                                     62       17       19       32       41       31       47       67      122 |       438
                                     81       25       28       42       47       29       62       84      152 |       550
                                    140       59       41       47       64       81       89      135      268 |       924
                                    778      252      265      309      395      495      947     1986     9458 |     14885

                    SUM            2868      725      607      672      791      853     1446     2656    10551 |     21169

