 <pre>

 Contingency table for Low clouds (octas)
 Selection: METCOOP    231 stations
Period: 20250110-20250130
Used {00,03,...,21} + 01 02 ... 12
 Limits    1.00000000       2.00000000       3.00000000       4.00000000       5.00000000       6.00000000       7.00000000    
 Each class is data <= limit, the very last > last limit
 Total number of values      377712
                                              OBSERVATION
                                  98699     2415     1923     1657     1605     1543     3752    13063 |    124657
                                   5515      470      393      330      407      321      833     2763 |     11032
                                   3617      397      317      328      310      332      711     2350 |      8362
                          cy43     2944      348      327      274      283      307      695     2288 |      7466
                                   2559      349      309      295      325      280      705     2443 |      7265
                                   2607      431      458      341      381      336      899     3109 |      8562
                                   3295      670      724      604      600      634     1583     5723 |     13833
                                  13135     4905     5018     5002     5687     6709    17721   138358 |    196535

                    SUM          132371     9985     9469     8831     9598    10462    26899   170097 |    377712
                                              OBSERVATION
                                 104158     2822     2355     2069     1934     1852     4477    15469 |    135136
                                   4201      461      375      338      383      373      808     2690 |      9629
                                   2796      353      289      273      298      286      682     2182 |      7159
                       cy46_v2     2257      326      277      280      282      257      595     1887 |      6161
                                   1944      307      270      228      272      273      642     2092 |      6028
                                   1875      331      321      297      322      283      724     2542 |      6695
                                   2359      496      549      398      455      460     1213     4455 |     10385
                                  12781     4889     5033     4948     5652     6678    17758   138780 |    196519

                    SUM          132371     9985     9469     8831     9598    10462    26899   170097 |    377712
                                              OBSERVATION
                                 104371     2876     2348     2057     1957     1873     4438    15455 |    135375
                                   4091      464      383      346      380      349      851     2670 |      9534
                                   2863      353      291      273      291      284      691     2144 |      7190
                       cy46_v3     2088      315      284      249      246      254      596     1948 |      5980
                                   1970      320      280      254      276      261      595     2060 |      6016
                                   1828      311      331      291      327      324      714     2665 |      6791
                                   2367      486      509      414      466      440     1206     4399 |     10287
                                  12793     4860     5043     4947     5655     6677    17808   138756 |    196539

                    SUM          132371     9985     9469     8831     9598    10462    26899   170097 |    377712
                                              OBSERVATION
                                 105326     2895     2341     2108     1996     1893     4545    15363 |    136467
                                   3995      450      398      321      374      325      881     2656 |      9400
                                   2663      335      304      290      286      316      663     2088 |      6945
                       cy46_v4     2113      324      274      251      281      265      612     1872 |      5992
                                   1831      332      321      235      291      257      582     2050 |      5899
                                   1769      342      310      258      302      294      677     2494 |      6446
                                   2217      500      522      428      474      437     1160     4406 |     10144
                                  12457     4807     4999     4940     5594     6675    17779   139168 |    196419

                    SUM          132371     9985     9469     8831     9598    10462    26899   170097 |    377712

