 <pre>

 Contingency table for Visibility (m)
 Selection: METCOOP    266 stations
Period: 20250110-20250130
Used {00,03,...,21} + 00 01 ... 12
 Limits    1000.00000       5000.00000       10000.0000       20000.0000    
 Each class is data <= limit, the very last > last limit
 Total number of values      504391
                                     OBSERVATION
                                  11082    10920     4180     3282     3859 |     33323
                                   7735    40541    17754    16235    20924 |    103189
                          cy43     3582     9610    10744    16572    33802 |     74310
                                   2148     5083     7377    20044    87961 |    122613
                                   3543     7671    10605    33998   115139 |    170956

                    SUM           28090    73825    50660    90131   261685 |    504391
                                     OBSERVATION
                                  10349     9896     3953     3323     4251 |     31772
                                   7554    39913    16572    13835    16720 |     94594
                       cy46_v2     4078    10379    11546    17984    34542 |     78529
                                   2429     5876     7827    21281    92990 |    130403
                                   3680     7761    10762    33708   113182 |    169093

                    SUM           28090    73825    50660    90131   261685 |    504391
                                     OBSERVATION
                                  10515     9955     3963     3432     4357 |     32222
                                   7637    39818    16493    13892    16643 |     94483
                       cy46_v3     3931    10387    11538    18097    34398 |     78351
                                   2412     5859     7840    21086    92916 |    130113
                                   3595     7806    10826    33624   113371 |    169222

                    SUM           28090    73825    50660    90131   261685 |    504391
                                     OBSERVATION
                                  10411     9859     3834     3056     4014 |     31174
                                   7597    39534    16116    13333    15861 |     92441
                       cy46_v4     4042    10555    11649    18218    34387 |     78851
                                   2403     6011     8075    21284    93402 |    131175
                                   3637     7866    10986    34240   114021 |    170750

                    SUM           28090    73825    50660    90131   261685 |    504391

