 <pre>

 Contingency table for Max Wind Gust (m/s)
 Selection: METCOOP    448 stations
Period: 20250110-20250130
Used {00,03,...,21} + 01 02 ... 12
 Limits    5.50000000       8.00000000       10.8000002       13.8999996       18.0000000       24.5000000       28.0000000       30.0000000       32.5999985    
 Each class is data <= limit, the very last > last limit
 Total number of values      889203
                                                       OBSERVATION
                                 298943    37147     8289     1656      470       41        0        0        0        0 |    346546
                                  63037    63286    25373     4764      881      111        1        0        0        0 |    157453
                                  16759    46383    56490    20394     3074      392        4        0        0        0 |    143496
                                   4298    11539    38094    43247    14267     1463       53        2        0        0 |    112963
                          cy43     1296     2523     8721    24557    35008     8957      349       35        7        0 |     81453
                                    160      533     1325     3442    11578    18317     2746      536      319       91 |     39047
                                      1        3       36      196      525     2261     1436      398      300      239 |      5395
                                      0        0        4       13       79      307      438      191      178      173 |      1383
                                      0        0        1        5       38      108      191      149      118      170 |       780
                                      0        0        0        2       11       94       70       41      102      367 |       687

                    SUM          384494   161414   138333    98276    65931    32051     5288     1352     1024     1040 |    889203
                                                       OBSERVATION
                                 316263    49110    13243     2979      884      118        0        0        0        0 |    382597
                                  52391    65931    33187     7702     1486      262        6        0        0        0 |    160965
                                  12126    37171    57785    26790     5453      801       24        0        0        0 |    140150
                                   2974     7473    28254    41883    19008     2527      120        9        2        0 |    102250
                       cy46_v2      702     1514     5255    17018    31443    11490      585      109       35        0 |     68151
                                     37      215      601     1845     7397    15411     2996      621      412      175 |     29710
                                      1        0        8       54      221     1242     1187      348      270      255 |      3586
                                      0        0        0        3       32      119      260      151      143      169 |       877
                                      0        0        0        2        6       54       82       98       95      169 |       506
                                      0        0        0        0        1       27       28       16       67      272 |       411

                    SUM          384494   161414   138333    98276    65931    32051     5288     1352     1024     1040 |    889203
                                                       OBSERVATION
                                 316081    49183    13308     3006      877      118        0        0        0        0 |    382573
                                  52669    66078    33371     7670     1468      274        6        0        0        0 |    161536
                                  11964    36920    57760    26983     5497      763       28        1        0        0 |    139916
                                   3001     7495    27978    41625    19096     2535      128       15        1        0 |    101874
                       cy46_v3      741     1513     5296    17084    31361    11402      558      109       39        0 |     68103
                                     37      224      611     1851     7360    15490     3002      628      410      173 |     29786
                                      1        1        8       53      232     1246     1168      339      280      256 |      3584
                                      0        0        1        1       30      136      277      145      132      165 |       887
                                      0        0        0        3        8       61       89      100       96      169 |       526
                                      0        0        0        0        2       26       32       15       66      277 |       418

                    SUM          384494   161414   138333    98276    65931    32051     5288     1352     1024     1040 |    889203
                                                       OBSERVATION
                                 317278    49132    13134     2898      862      102        0        0        0        0 |    383406
                                  51834    66347    33312     7665     1470      250        7        0        0        0 |    160885
                                  11699    36853    58072    26963     5383      789       31        1        0        0 |    139791
                                   2960     7355    28093    41947    19217     2555      122        5        2        0 |    102256
                       cy46_v4      683     1513     5125    16930    31479    11516      562      104       28        0 |     67940
                                     40      214      588     1817     7262    15386     3023      623      428      186 |     29567
                                      0        0        9       53      219     1245     1156      356      259      247 |      3544
                                      0        0        0        1       32      131      279      141      142      171 |       897
                                      0        0        0        2        6       52       78      104       99      164 |       505
                                      0        0        0        0        1       25       30       18       66      272 |       412

                    SUM          384494   161414   138333    98276    65931    32051     5288     1352     1024     1040 |    889203

