 <pre>

 Contingency table for Rh2m (%)
 Selection: METCOOP    526 stations
Period: 20250110-20250130
Used {00,03,...,21} + 00 01 ... 12
 Limits    30.0000000       50.0000000       65.0000000       75.0000000       85.0000000       95.0000000       100.000000    
 Each class is data <= limit, the very last > last limit
 Total number of values     1092831
                                              OBSERVATION
                                      4        2        0        0        0        0        0        0 |         6
                                     47      790     1092      474      166      120      143        0 |      2832
                                     75     5721    25028    14028    12165     4445     1148        0 |     62610
                          cy43        4     2126    23895    36849    42942    19607     3573        0 |    128996
                                      0      364     8674    36836    86591    93819    15174        0 |    241458
                                      0       52     2217    13250    66468   230579   112368        0 |    424934
                                      0        1      132      997     9794    61683   159146        0 |    231753
                                      0        0        0        0        0       75      167        0 |       242

                    SUM             130     9056    61038   102434   218126   410328   291719        0 |   1092831
                                              OBSERVATION
                                      1        0        0        0        0        0        0        0 |         1
                                     23      858      693      189       72       49       77        0 |      1961
                                     98     5736    25510    13004     8294     3163      691        0 |     56496
                       cy46_v2        8     2044    22888    37098    43830    18105     2932        0 |    126905
                                      0      373     9307    36769    87733    91887    14689        0 |    240758
                                      0       44     2578    14396    68870   235585   119280        0 |    440753
                                      0        1       62      978     9327    61487   153878        0 |    225733
                                      0        0        0        0        0       52      172        0 |       224

                    SUM             130     9056    61038   102434   218126   410328   291719        0 |   1092831
                                              OBSERVATION
                                      1        0        0        0        0        0        0        0 |         1
                                     22      861      685      203       87       77       88        0 |      2023
                                    100     5714    25531    13123     8686     3291      695        0 |     57140
                       cy46_v3        7     2053    22957    37142    44209    18355     3035        0 |    127758
                                      0      382     9208    36675    86941    91248    14787        0 |    239241
                                      0       45     2591    14308    68928   235743   118246        0 |    439861
                                      0        1       66      983     9275    61569   154716        0 |    226610
                                      0        0        0        0        0       45      152        0 |       197

                    SUM             130     9056    61038   102434   218126   410328   291719        0 |   1092831
                                              OBSERVATION
                                      0        0        0        0        0        0        0        0 |         0
                                     21      998      865      242      102       56       73        0 |      2357
                                    102     5696    25986    13511     9054     3356      644        0 |     58349
                       cy46_v4        7     1934    22616    37120    44409    18811     3029        0 |    127926
                                      0      381     9045    36504    87390    93683    14955        0 |    241958
                                      0       44     2459    14112    68148   234956   119944        0 |    439663
                                      0        3       67      945     9023    59402   152889        0 |    222329
                                      0        0        0        0        0       64      185        0 |       249

                    SUM             130     9056    61038   102434   218126   410328   291719        0 |   1092831

