 <pre>

 Contingency table for U10m (m/s)
 Selection: METCOOP    478 stations
Period: 20250110-20250130
Used {00,03,...,21} + 01 02 ... 12
 Limits    1.50000000       3.29999995       5.50000000       8.00000000       10.8000002       13.8999996       24.5000000    
 Each class is data <= limit, the very last > last limit
 Total number of values      928457
                                              OBSERVATION
                                 131674    39710     6000     1011      214       16        0        0 |    178625
                                  82937   115347    39294     6152      971      147        6        0 |    244854
                                  16368    64094    89097    32326     4603      802       60        0 |    207350
                          cy43     2828    12669    42869    57890    22084     3217      467        0 |    142024
                                    587     2601     8184    23680    35216    14917     2383        0 |     87568
                                     96      386     1497     3986    11527    19476     9375        0 |     46343
                                      1       26      135      603     1497     4729    14214      338 |     21543
                                      0        0        0        0        0        6       58       86 |       150

                    SUM          234491   234833   187076   125648    76112    43310    26563      424 |    928457
                                              OBSERVATION
                                 115439    32619     5190      867      205       13        1        0 |    154334
                                  97632   121417    40399     6797     1122      162        7        0 |    267536
                                  18337    67819    94840    36764     5833     1173      139        0 |    224905
                       cy46_v2     2657    11078    39401    57427    24875     4233      709        0 |    140380
                                    385     1713     6420    20730    33097    15615     3061        0 |     81021
                                     41      183      794     2753     9928    18411     9831        2 |     41943
                                      0        4       32      310     1052     3699    12763      335 |     18195
                                      0        0        0        0        0        4       52       87 |       143

                    SUM          234491   234833   187076   125648    76112    43310    26563      424 |    928457
                                              OBSERVATION
                                 115412    32717     5289      883      182       14        1        0 |    154498
                                  97728   121615    40479     6824     1154      162        5        0 |    267967
                                  18294    67579    94867    36857     5838     1173      144        0 |    224752
                       cy46_v3     2618    10995    39214    57341    24917     4236      686        0 |    140007
                                    408     1740     6358    20653    33074    15550     3043        0 |     80826
                                     31      182      831     2768     9899    18391     9816        2 |     41920
                                      0        5       38      322     1048     3779    12814      337 |     18343
                                      0        0        0        0        0        5       54       85 |       144

                    SUM          234491   234833   187076   125648    76112    43310    26563      424 |    928457
                                              OBSERVATION
                                 115870    32613     5172      884      193       14        1        0 |    154747
                                  97628   122302    40773     6735     1062      145        3        0 |    268648
                                  18033    67145    94815    36799     5837     1131      130        0 |    223890
                       cy46_v4     2567    10938    39230    57605    24944     4193      719        0 |    140196
                                    361     1666     6266    20577    33331    15841     3054        0 |     81096
                                     32      164      791     2738     9728    18321     9821        3 |     41598
                                      0        5       29      310     1017     3661    12779      333 |     18134
                                      0        0        0        0        0        4       56       88 |       148

                    SUM          234491   234833   187076   125648    76112    43310    26563      424 |    928457

