 <pre>

 Contingency table for Cloud base (m)
 Selection: METCOOP    233 stations
Period: 20250110-20250130
Used {00,03,...,21} + 01 02 ... 12
 Limits    70.0000000       150.000000       300.000000       600.000000       1000.00000       1500.00000       2500.00000       5000.00000    
 Each class is data <= limit, the very last > last limit
 Total number of values      375737
                                                       OBSERVATION
                                  15126    13900     4421     1042      186      103      233      575     2324 |     37910
                                   5099    12750     8539     1187      220      108      205      347     1092 |     29547
                                   2902    11807    22744     6352      909      244      247      307     1490 |     47002
                                   1772     4862    19238    21340     4666     1137      552      353     2008 |     55928
                          cy43      990     1704     4133     5432     5615     2166      806      367     2109 |     23322
                                    605      754     2064     1957     1791     2439     1375      465     1541 |     12991
                                    471      731     2073     1704     1277     1767     4224     1762     1506 |     15515
                                    588      948     2481     1385      850     1185     2429     7418     3195 |     20479
                                   5582     6083     8010     8269     5128     3989     4583    10401    80998 |    133043

                    SUM           33135    53539    73703    48668    20642    13138    14654    21995    96263 |    375737
                                                       OBSERVATION
                                  15078    14910     5067     1072      199       85      212      564     1907 |     39094
                                   4441    11074     7659     1073      192       92      147      304      940 |     25922
                                   3175    12721    23946     6837      883      273      279      439     1629 |     50182
                                   1461     4532    17542    17431     3110      660      278      265     1397 |     46676
                       cy46_v2     1020     1707     3858     5417     4528     1255      398      242     1267 |     19692
                                    758      932     2781     3057     2566     2703     1106      388     1559 |     15850
                                    512      831     2510     2411     1897     2398     4045     1319     1374 |     17297
                                    583      699     1966     1463      934     1220     2702     6654     2708 |     18929
                                   6107     6133     8374     9907     6333     4452     5487    11820    83482 |    142095

                    SUM           33135    53539    73703    48668    20642    13138    14654    21995    96263 |    375737
                                                       OBSERVATION
                                  15286    15228     5028     1078      203       76      221      590     1940 |     39650
                                   4493    11107     7833     1062      199       98      149      313      949 |     26203
                                   3135    12689    23779     6866      918      292      278      413     1655 |     50025
                                   1509     4400    17448    17210     3104      649      288      255     1317 |     46180
                       cy46_v3      929     1662     3924     5404     4570     1279      397      246     1237 |     19648
                                    778      886     2816     3132     2583     2672     1121      406     1566 |     15960
                                    507      824     2478     2391     1857     2388     3974     1362     1386 |     17167
                                    563      720     1992     1501      956     1231     2666     6667     2702 |     18998
                                   5935     6023     8405    10024     6252     4453     5560    11743    83511 |    141906

                    SUM           33135    53539    73703    48668    20642    13138    14654    21995    96263 |    375737
                                                       OBSERVATION
                                  15253    14753     4767      989      169       77      219      533     1795 |     38555
                                   4572    11163     7370      949      172       80      129      285      985 |     25705
                                   3264    12951    23961     6690      917      237      278      478     1678 |     50454
                                   1683     4774    18250    18016     3137      682      270      294     1363 |     48469
                       cy46_v4     1021     1665     4069     5439     4526     1271      416      243     1284 |     19934
                                    565      865     2803     2949     2439     2575     1027      360     1361 |     14944
                                    405      728     2311     2338     1888     2402     3944     1221     1249 |     16486
                                    497      634     1842     1408      978     1254     2676     6662     2754 |     18705
                                   5875     6006     8330     9890     6416     4560     5695    11919    83794 |    142485

                    SUM           33135    53539    73703    48668    20642    13138    14654    21995    96263 |    375737

